 0  0  1.991649656797e+05
 0  1  1.182409503684e+04
 0  2  1.354962152108e+06
 0  3  1.091332711880e+06
 0  4 -7.069420692049e+04
 0  8 -9.323028661966e+02
 0  9 -2.025562691692e+03
 0 10 -1.998952911826e+03
 0 11 -1.969337516815e+03
 0 12 -1.936561414150e+03
 0 13 -1.900476424846e+03
 0 14 -1.860945123272e+03
 0 15 -1.817845335818e+03
 0 16 -1.771075333738e+03
 0 17 -1.720559700659e+03
 0 18 -1.666255829573e+03
 0 19 -1.608160948290e+03
 0 20 -1.546319491673e+03
 0 21 -1.480830581614e+03
 0 22 -1.411855259149e+03
 0 23 -1.339623052744e+03
 0 24 -1.264437353448e+03
 0 25 -1.186679029013e+03
 0 26 -1.106807663443e+03
 0 27 -1.025359842015e+03
 0 28 -9.429439827790e+02
 0 29 -8.602313880934e+02
 0 30 -7.779434143378e+02
 0 31 -6.968349760394e+02
 0 32 -6.176749111419e+02
 0 33 -5.412240821632e+02
 0 34 -4.682123565341e+02
 0 35 -3.993157823335e+02
 0 36 -3.351353344443e+02
 0 37 -2.761784820111e+02
 0 38 -2.228445789771e+02
 0 39 -1.754147037894e+02
 0 40 -1.340461141790e+02
 0 41 -9.877100735002e+01
 0 42 -6.949878847435e+01
 0 43 -4.602059785214e+01
 0 44 -2.801430804711e+01
 1  0  1.182409503684e+04
 1  1  3.192582630323e+07
 1  2 -8.705779908956e+07
 1  3 -6.829925887458e+07
 1  4  4.424280411313e+06
 1  8 -9.694912792773e+03
 1  9  1.267665022230e+05
 1 10  1.251011730123e+05
 1 11  1.232477423321e+05
 1 12  1.211965039733e+05
 1 13  1.189381843984e+05
 1 14  1.164641830508e+05
 1 15  1.137668538966e+05
 1 16  1.108398304097e+05
 1 17  1.076783927809e+05
 1 18  1.042798745208e+05
 1 19  1.006441021364e+05
 1 20  9.677385651043e+04
 1 21  9.267534102301e+04
 1 22  8.835863416202e+04
 1 23  8.383810058816e+04
 1 24  7.913272753003e+04
 1 25  7.426635096821e+04
 1 26  6.926773320999e+04
 1 27  6.417045556046e+04
 1 28  5.901259486038e+04
 1 29  5.383616346130e+04
 1 30  4.868630626320e+04
 1 31  4.361026834740e+04
 1 32  3.865616616929e+04
 1 33  3.387161705539e+04
 1 34  2.930229855579e+04
 1 35  2.499052002512e+04
 1 36  2.097389248582e+04
 1 37  1.728417505782e+04
 1 38  1.394636064939e+04
 1 39  1.097804009181e+04
 1 40  8.389055100964e+03
 1 41  6.181420685797e+03
 1 42  4.349467118329e+03
 1 43  2.880123258517e+03
 1 44  1.753229291740e+03
 2  0  1.354962152108e+06
 2  1 -8.705779908956e+07
 2  2  3.426617721309e+08
 2  3  2.102211749925e+08
 2  4 -1.361767963355e+07
 2  8  1.294391253602e+04
 2  9 -3.901799739284e+05
 2 10 -3.850541867795e+05
 2 11 -3.793494341690e+05
 2 12 -3.730358409458e+05
 2 13 -3.660848636970e+05
 2 14 -3.584700304062e+05
 2 15 -3.501678070220e+05
 2 16 -3.411585977454e+05
 2 17 -3.314278752759e+05
 2 18 -3.209674323128e+05
 2 19 -3.097767348550e+05
 2 20 -2.978643422990e+05
 2 21 -2.852493482904e+05
 2 22 -2.719627738331e+05
 2 23 -2.580488325232e+05
 2 24 -2.435659659540e+05
 2 25 -2.285875398973e+05
 2 26 -2.132020830741e+05
 2 27 -1.975129568023e+05
 2 28 -1.816373593993e+05
 2 29 -1.657046024571e+05
 2 30 -1.498536393710e+05
 2 31 -1.342298877732e+05
 2 32 -1.189814473352e+05
 2 33 -1.042548814381e+05
 2 34 -9.019078294380e+04
 2 35 -7.691937760265e+04
 2 36 -6.455642996996e+04
 2 37 -5.319969278297e+04
 2 38 -4.292609277017e+04
 2 39 -3.378977349452e+04
 2 40 -2.582102718919e+04
 2 41 -1.902605593536e+04
 2 42 -1.338740863771e+04
 2 43 -8.864853081946e+03
 2 44 -5.396338522760e+03
 3  0  1.091332711880e+06
 3  1 -6.829925887458e+07
 3  2  2.102211749925e+08
 3  3  1.572155401553e+08
 3  4 -1.018408758930e+07
 3  8  5.505208449493e+03
 3  9 -2.917991270913e+05
 3 10 -2.879657673197e+05
 3 11 -2.836994237264e+05
 3 12 -2.789777539472e+05
 3 13 -2.737794115690e+05
 3 14 -2.680845992883e+05
 3 15 -2.618757169819e+05
 3 16 -2.551381097792e+05
 3 17 -2.478609133255e+05
 3 18 -2.400379897272e+05
 3 19 -2.316689396275e+05
 3 20 -2.227601642374e+05
 3 21 -2.133259428885e+05
 3 22 -2.033894748796e+05
 3 23 -1.929838256922e+05
 3 24 -1.821527013264e+05
 3 25 -1.709509689449e+05
 3 26 -1.594448354401e+05
 3 27 -1.477116003773e+05
 3 28 -1.358389114291e+05
 3 29 -1.239234752752e+05
 3 30 -1.120692092924e+05
 3 31 -1.003848651878e+05
 3 32 -8.898120045193e+04
 3 33 -7.796782364908e+04
 3 34 -6.744987824390e+04
 3 35 -5.752475457640e+04
 3 36 -4.827902806928e+04
 3 37 -3.978580386712e+04
 3 38 -3.210261222190e+04
 3 39 -2.526994481814e+04
 3 40 -1.931045593792e+04
 3 41 -1.422878385590e+04
 3 42 -1.001187763474e+04
 3 43 -6.629649300194e+03
 3 44 -4.035693719943e+03
 4  0 -7.069420692049e+04
 4  1  4.424280411313e+06
 4  2 -1.361767963355e+07
 4  3 -1.018408758930e+07
 4  4  6.597034868442e+05
 4  8 -3.566156691104e+02
 4  9  1.890212548864e+04
 4 10  1.865380861337e+04
 4 11  1.837744396902e+04
 4 12  1.807158426488e+04
 4 13  1.773484672579e+04
 4 14  1.736594892463e+04
 4 15  1.696375076294e+04
 4 16  1.652730292943e+04
 4 17  1.605590165436e+04
 4 18  1.554914933808e+04
 4 19  1.500702011109e+04
 4 20  1.442992863021e+04
 4 21  1.381879988010e+04
 4 22  1.317513666187e+04
 4 23  1.250108088696e+04
 4 24  1.179946373688e+04
 4 25  1.107383938949e+04
 4 26  1.032849658615e+04
 4 27  9.568442627951e+03
 4 28  8.799355144301e+03
 4 29  8.027498587775e+03
 4 30  7.259604504559e+03
 4 31  6.502717598420e+03
 4 32  5.764012503526e+03
 4 33  5.050589429042e+03
 4 34  4.369259344497e+03
 4 35  3.726330988530e+03
 4 36  3.127412532490e+03
 4 37  2.577239571822e+03
 4 38  2.079538793622e+03
 4 39  1.636933162908e+03
 4 40  1.250890175786e+03
 4 41  9.217102898008e+02
 4 42  6.485480930502e+02
 4 43  4.294545506941e+02
 4 44  2.614236371729e+02
 8  0 -9.323028661966e+02
 8  1 -9.694912792773e+03
 8  2  1.294391253602e+04
 8  3  5.505208449493e+03
 8  4 -3.566156691104e+02
 8  8  2.638064089738e+03
 8  9 -1.021791496205e+01
 8 10 -1.008368240093e+01
 8 11 -9.934288067670e+00
 8 12 -9.768949600869e+00
 8 13 -9.586919514301e+00
 8 14 -9.387504566822e+00
 8 15 -9.170088455780e+00
 8 16 -8.934158012372e+00
 8 17 -8.679332800002e+00
 8 18 -8.405397888409e+00
 8 19 -8.112339293341e+00
 8 20 -7.800381165640e+00
 8 21 -7.470023523920e+00
 8 22 -7.122078736861e+00
 8 23 -6.757704656740e+00
 8 24 -6.378431734243e+00
 8 25 -5.986181249992e+00
 8 26 -5.583271567344e+00
 8 27 -5.172409481173e+00
 8 28 -4.756664145494e+00
 8 29 -4.339421933114e+00
 8 30 -3.924321713466e+00
 8 31 -3.515171639447e+00
 8 32 -3.115850100384e+00
 8 33 -2.730195253720e+00
 8 34 -2.361888902706e+00
 8 35 -2.014341359871e+00
 8 36 -1.690584232310e+00
 8 37 -1.393177439094e+00
 8 38 -1.124135514089e+00
 8 39 -8.848763525142e-01
 8 40 -6.761932382015e-01
 8 41 -4.982485893712e-01
 8 42 -3.505854020267e-01
 8 43 -2.321500871262e-01
 8 44 -1.413176785492e-01
 9  0 -2.025562691692e+03
 9  1  1.267665022230e+05
 9  2 -3.901799739284e+05
 9  3 -2.917991270913e+05
 9  4  1.890212548864e+04
 9  8 -1.021791496205e+01
 9  9  5.415923291497e+02
 9 10  5.344774406720e+02
 9 11  5.265589147097e+02
 9 12  5.177952828281e+02
 9 13  5.081469251226e+02
 9 14  4.975770969058e+02
 9 15  4.860531315559e+02
 9 16  4.735478289726e+02
 9 17  4.600410244241e+02
 9 18  4.455213257034e+02
 9 19  4.299879915859e+02
 9 20  4.134529030081e+02
 9 21  3.959425630527e+02
 9 22  3.775000306636e+02
 9 23  3.581866768648e+02
 9 24  3.380836219617e+02
 9 25  3.172927018809e+02
 9 26  2.959367995981e+02
 9 27  2.741593865898e+02
 9 28  2.521231408861e+02
 9 29  2.300075544421e+02
 9 30  2.080055025925e+02
 9 31  1.863188334057e+02
 9 32  1.651531177755e+02
 9 33  1.447117941365e+02
 9 34  1.251900134970e+02
 9 35  1.067685367169e+02
 9 36  8.960805168190e+01
 9 37  7.384424483473e+01
 9 38  5.958389491553e+01
 9 39  4.690215631542e+01
 9 40  3.584107640285e+01
 9 41  2.640926402454e+01
 9 42  1.858249605272e+01
 9 43  1.230492785132e+01
 9 44  7.490429403633e+00
10  0 -1.998952911826e+03
10  1  1.251011730123e+05
10  2 -3.850541867795e+05
10  3 -2.879657673197e+05
10  4  1.865380861337e+04
10  8 -1.008368240093e+01
10  9  5.344774406720e+02
10 10  5.274560203536e+02
10 11  5.196415199213e+02
10 12  5.109930157108e+02
10 13  5.014714083031e+02
10 14  4.910404357255e+02
10 15  4.796678604967e+02
10 16  4.673268398436e+02
10 17  4.539974739383e+02
10 18  4.396685202330e+02
10 19  4.243392472404e+02
10 20  4.080213798175e+02
10 21  3.907410728763e+02
10 22  3.725408196964e+02
10 23  3.534811850716e+02
10 24  3.336422236314e+02
10 25  3.131244334857e+02
10 26  2.920490832989e+02
10 27  2.705577597651e+02
10 28  2.488110038164e+02
10 29  2.269859494252e+02
10 30  2.052729381265e+02
10 31  1.838711663144e+02
10 32  1.629835043016e+02
10 33  1.428107179556e+02
10 34  1.235453945898e+02
10 35  1.053659204116e+02
10 36  8.843087235328e+01
10 37  7.287415434704e+01
10 38  5.880114238273e+01
10 39  4.628600354962e+01
10 40  3.537023284064e+01
10 41  2.606232600826e+01
10 42  1.833837814348e+01
10 43  1.214327824021e+01
10 44  7.392027770175e+00
11  0 -1.969337516815e+03
11  1  1.232477423321e+05
11  2 -3.793494341690e+05
11  3 -2.836994237264e+05
11  4  1.837744396902e+04
11  8 -9.934288067670e+00
11  9  5.265589147097e+02
11 10  5.196415199213e+02
11 11  5.119427948611e+02
11 12  5.034224221673e+02
11 13  4.940418816967e+02
11 14  4.837654487139e+02
11 15  4.725613633508e+02
11 16  4.604031805221e+02
11 17  4.472712952250e+02
11 18  4.331546314748e+02
11 19  4.180524686218e+02
11 20  4.019763578139e+02
11 21  3.849520664662e+02
11 22  3.670214583009e+02
11 23  3.482442008171e+02
11 24  3.286991625985e+02
11 25  3.084853528299e+02
11 26  2.877222435253e+02
11 27  2.665493237078e+02
11 28  2.451247558225e+02
11 29  2.236230495218e+02
11 30  2.022317263442e+02
11 31  1.811470314990e+02
11 32  1.605688296829e+02
11 33  1.406949123261e+02
11 34  1.217150134733e+02
11 35  1.038048764595e+02
11 36  8.712072882743e+01
11 37  7.179449066197e+01
11 38  5.792997675974e+01
11 39  4.560025539093e+01
11 40  3.484620678129e+01
11 41  2.567620081488e+01
11 42  1.806668674477e+01
11 43  1.196337005944e+01
11 44  7.282511522419e+00
12  0 -1.936561414150e+03
12  1  1.211965039733e+05
12  2 -3.730358409458e+05
12  3 -2.789777539472e+05
12  4  1.807158426488e+04
12  8 -9.768949600869e+00
12  9  5.177952828281e+02
12 10  5.109930157108e+02
12 11  5.034224221673e+02
12 12  4.950438558464e+02
12 13  4.858194377036e+02
12 14  4.757140375781e+02
12 15  4.646964241880e+02
12 16  4.527405925790e+02
12 17  4.398272640387e+02
12 18  4.259455469222e+02
12 19  4.110947325740e+02
12 20  3.952861798935e+02
12 21  3.785452274434e+02
12 22  3.609130421990e+02
12 23  3.424482986007e+02
12 24  3.232285526053e+02
12 25  3.033511655670e+02
12 26  2.829336211016e+02
12 27  2.621130866867e+02
12 28  2.410450924362e+02
12 29  2.199012436013e+02
12 30  1.988659407599e+02
12 31  1.781321629702e+02
12 32  1.578964485387e+02
12 33  1.383532970105e+02
12 34  1.196892846465e+02
12 35  1.020772298479e+02
12 36  8.567076002933e+01
12 37  7.059959970161e+01
12 38  5.696583584968e+01
12 39  4.484132065298e+01
12 40  3.426625395898e+01
12 41  2.524886634997e+01
12 42  1.776599903913e+01
12 43  1.176426115001e+01
12 44  7.161307136029e+00
13  0 -1.900476424846e+03
13  1  1.189381843984e+05
13  2 -3.660848636970e+05
13  3 -2.737794115690e+05
13  4  1.773484672579e+04
13  8 -9.586919514301e+00
13  9  5.081469251226e+02
13 10  5.014714083031e+02
13 11  4.940418816967e+02
13 12  4.858194377036e+02
13 13  4.767669031002e+02
13 14  4.668498023247e+02
13 15  4.560374860443e+02
13 16  4.443044338694e+02
13 17  4.316317263178e+02
13 18  4.180086746947e+02
13 19  4.034345835493e+02
13 20  3.879206001245e+02
13 21  3.714915908360e+02
13 22  3.541879555727e+02
13 23  3.360672754625e+02
13 24  3.172056613207e+02
13 25  2.976986603147e+02
13 26  2.776615669252e+02
13 27  2.572289927145e+02
13 28  2.365535697203e+02
13 29  2.158037055809e+02
13 30  1.951603648391e+02
13 31  1.748129306709e+02
13 32  1.549542791786e+02
13 33  1.357752856930e+02
13 34  1.174590498991e+02
13 35  1.001751699802e+02
13 36  8.407441072858e+01
13 37  6.928407942867e+01
13 38  5.590436082374e+01
13 39  4.400576823294e+01
13 40  3.362775243842e+01
13 41  2.477839065758e+01
13 42  1.743495563373e+01
13 43  1.154505135130e+01
13 44  7.027866652542e+00
14  0 -1.860945123272e+03
14  1  1.164641830508e+05
14  2 -3.584700304062e+05
14  3 -2.680845992883e+05
14  4  1.736594892463e+04
14  8 -9.387504566821e+00
14  9  4.975770969058e+02
14 10  4.910404357255e+02
14 11  4.837654487139e+02
14 12  4.757140375781e+02
14 13  4.668498023247e+02
14 14  4.571389845087e+02
14 15  4.465515723261e+02
14 16  4.350625762299e+02
14 17  4.226534702770e+02
14 18  4.093137881055e+02
14 19  3.950428487301e+02
14 20  3.798515675232e+02
14 21  3.637642936607e+02
14 22  3.468205866843e+02
14 23  3.290768299923e+02
14 24  3.106075512391e+02
14 25  2.915063101414e+02
14 26  2.718860029698e+02
14 27  2.518784412678e+02
14 28  2.316330822149e+02
14 29  2.113148304471e+02
14 30  1.911008863122e+02
14 31  1.711766936774e+02
14 32  1.517311166809e+02
14 33  1.329510603068e+02
14 34  1.150158156325e+02
14 35  9.809145307482e+01
14 36  8.232560140811e+01
14 37  6.784291983189e+01
14 38  5.474150917344e+01
14 39  4.309041602323e+01
14 40  3.292827055824e+01
14 41  2.426298198385e+01
14 42  1.707229578693e+01
14 43  1.130490582743e+01
14 44  6.881681878857e+00
15  0 -1.817845335818e+03
15  1  1.137668538966e+05
15  2 -3.501678070220e+05
15  3 -2.618757169819e+05
15  4  1.696375076294e+04
15  8 -9.170088455780e+00
15  9  4.860531315559e+02
15 10  4.796678604967e+02
15 11  4.725613633508e+02
15 12  4.646964241880e+02
15 13  4.560374860443e+02
15 14  4.465515723261e+02
15 15  4.362093663073e+02
15 16  4.249864572029e+02
15 17  4.128647481337e+02
15 18  3.998340151402e+02
15 19  3.858935930091e+02
15 20  3.710541443109e+02
15 21  3.553394542906e+02
15 22  3.387881662847e+02
15 23  3.214553578429e+02
15 24  3.034138305471e+02
15 25  2.847549772560e+02
15 26  2.655890795446e+02
15 27  2.460448961798e+02
15 28  2.262684228888e+02
15 29  2.064207450900e+02
15 30  1.866749591425e+02
15 31  1.672122140040e+02
15 32  1.482169996888e+02
15 33  1.298718924316e+02
15 34  1.123520308999e+02
15 35  9.581963929282e+01
15 36  8.041892727874e+01
15 37  6.627166693010e+01
15 38  5.347368704328e+01
15 39  4.209243507866e+01
15 40  3.216564653213e+01
15 41  2.370104743058e+01
15 42  1.667689867900e+01
15 43  1.104308239575e+01
15 44  6.722301023078e+00
16  0 -1.771075333738e+03
16  1  1.108398304097e+05
16  2 -3.411585977454e+05
16  3 -2.551381097792e+05
16  4  1.652730292943e+04
16  8 -8.934158012372e+00
16  9  4.735478289726e+02
16 10  4.673268398436e+02
16 11  4.604031805221e+02
16 12  4.527405925790e+02
16 13  4.443044338694e+02
16 14  4.350625762299e+02
16 15  4.249864572029e+02
16 16  4.140522940506e+02
16 17  4.022424554949e+02
16 18  3.895469806211e+02
16 19  3.759652213307e+02
16 20  3.615075658647e+02
16 21  3.461971875152e+02
16 22  3.300717353927e+02
16 23  3.131848699972e+02
16 24  2.956075198526e+02
16 25  2.774287264379e+02
16 26  2.587559339749e+02
16 27  2.397145884911e+02
16 28  2.204469294973e+02
16 29  2.011098979639e+02
16 30  1.818721367817e+02
16 31  1.629101342600e+02
16 32  1.444036338060e+02
16 33  1.265305142849e+02
16 34  1.094614083505e+02
16 35  9.335436645537e+01
16 36  7.834988800348e+01
16 37  6.456661208350e+01
16 38  5.209790198336e+01
16 39  4.100946985747e+01
16 40  3.133808033296e+01
16 41  2.309126065951e+01
16 42  1.624783105121e+01
16 43  1.075896307248e+01
16 44  6.549347897396e+00
17  0 -1.720559700659e+03
17  1  1.076783927809e+05
17  2 -3.314278752759e+05
17  3 -2.478609133255e+05
17  4  1.605590165436e+04
17  8 -8.679332800002e+00
17  9  4.600410244241e+02
17 10  4.539974739383e+02
17 11  4.472712952250e+02
17 12  4.398272640387e+02
17 13  4.316317263178e+02
17 14  4.226534702770e+02
17 15  4.128647481337e+02
17 16  4.022424554949e+02
17 17  3.907694639720e+02
17 18  3.784360967615e+02
17 19  3.652417242501e+02
17 20  3.511964383794e+02
17 21  3.363227514796e+02
17 22  3.206572388115e+02
17 23  3.042520303393e+02
17 24  2.871760315225e+02
17 25  2.695157441479e+02
17 26  2.513755478510e+02
17 27  2.328773106153e+02
17 28  2.141592149142e+02
17 29  1.953737253571e+02
17 30  1.766846747049e+02
17 31  1.582635173656e+02
17 32  1.402848700010e+02
17 33  1.229215379127e+02
17 34  1.063392868715e+02
17 35  9.069165932356e+01
17 36  7.611514726789e+01
17 37  6.272500590053e+01
17 38  5.061193554782e+01
17 39  3.983977408418e+01
17 40  3.044423751481e+01
17 41  2.243263839282e+01
17 42  1.578440103440e+01
17 43  1.045208971677e+01
17 44  6.362543615848e+00
18  0 -1.666255829573e+03
18  1  1.042798745208e+05
18  2 -3.209674323128e+05
18  3 -2.400379897272e+05
18  4  1.554914933808e+04
18  8 -8.405397888409e+00
18  9  4.455213257034e+02
18 10  4.396685202330e+02
18 11  4.331546314748e+02
18 12  4.259455469222e+02
18 13  4.180086746947e+02
18 14  4.093137881055e+02
18 15  3.998340151402e+02
18 16  3.895469806211e+02
18 17  3.784360967615e+02
18 18  3.664919921745e+02
18 19  3.537140571187e+02
18 20  3.401120650163e+02
18 21  3.257078176690e+02
18 22  3.105367359585e+02
18 23  2.946493045362e+02
18 24  2.781122540850e+02
18 25  2.610093562439e+02
18 26  2.434416962448e+02
18 27  2.255272957046e+02
18 28  2.073999758165e+02
18 29  1.892073891403e+02
18 30  1.711081975886e+02
18 31  1.532684441686e+02
18 32  1.358572343351e+02
18 33  1.190419193526e+02
18 34  1.029830331342e+02
18 35  8.782927205819e+01
18 36  7.371282019761e+01
18 37  6.074529509306e+01
18 38  4.901453441007e+01
18 39  3.858236118817e+01
18 40  2.948336417302e+01
18 41  2.172462512078e+01
18 42  1.528621775217e+01
18 43  1.012220349873e+01
18 44  6.161730619844e+00
19  0 -1.608160948290e+03
19  1  1.006441021364e+05
19  2 -3.097767348550e+05
19  3 -2.316689396275e+05
19  4  1.500702011109e+04
19  8 -8.112339293341e+00
19  9  4.299879915859e+02
19 10  4.243392472404e+02
19 11  4.180524686218e+02
19 12  4.110947325740e+02
19 13  4.034345835493e+02
19 14  3.950428487301e+02
19 15  3.858935930091e+02
19 16  3.759652213307e+02
19 17  3.652417242501e+02
19 18  3.537140571187e+02
19 19  3.413816314540e+02
19 20  3.282538799228e+02
19 21  3.143518441956e+02
19 22  2.997097101864e+02
19 23  2.843762023730e+02
19 24  2.684157248379e+02
19 25  2.519091284783e+02
19 26  2.349539741365e+02
19 27  2.176641685440e+02
19 28  2.001688671480e+02
19 29  1.826105745246e+02
19 30  1.651424207558e+02
19 31  1.479246596726e+02
19 32  1.311205007795e+02
19 33  1.148914605516e+02
19 34  9.939247580318e+01
19 35  8.476705853559e+01
19 36  7.114278415486e+01
19 37  5.862737859769e+01
19 38  4.730561702345e+01
19 39  3.723716697904e+01
19 40  2.845541125543e+01
19 41  2.096718469961e+01
19 42  1.475325577249e+01
19 43  9.769287577812e+00
19 44  5.946898657964e+00
20  0 -1.546319491673e+03
20  1  9.677385651043e+04
20  2 -2.978643422990e+05
20  3 -2.227601642374e+05
20  4  1.442992863021e+04
20  8 -7.800381165640e+00
20  9  4.134529030081e+02
20 10  4.080213798175e+02
20 11  4.019763578139e+02
20 12  3.952861798935e+02
20 13  3.879206001245e+02
20 14  3.798515675232e+02
20 15  3.710541443109e+02
20 16  3.615075658647e+02
20 17  3.511964383794e+02
20 18  3.401120650163e+02
20 19  3.282538799228e+02
20 20  3.156309530348e+02
20 21  3.022635168700e+02
20 22  2.881844427312e+02
20 23  2.734405814076e+02
20 24  2.580938603377e+02
20 25  2.422220213161e+02
20 26  2.259188735056e+02
20 27  2.092939433807e+02
20 28  1.924714197458e+02
20 29  1.755883271966e+02
20 30  1.587919072331e+02
20 31  1.422362511626e+02
20 32  1.260782923058e+02
20 33  1.104733360592e+02
20 34  9.557036117783e+01
20 35  8.150736094219e+01
20 36  6.840700487570e+01
20 37  5.637287633910e+01
20 38  4.548649048268e+01
20 39  3.580522035162e+01
20 40  2.736116500941e+01
20 41  2.016089647060e+01
20 42  1.418592274044e+01
20 43  9.393611887789e+00
20 44  5.718212048113e+00
21  0 -1.480830581614e+03
21  1  9.267534102301e+04
21  2 -2.852493482904e+05
21  3 -2.133259428885e+05
21  4  1.381879988010e+04
21  8 -7.470023523920e+00
21  9  3.959425630527e+02
21 10  3.907410728763e+02
21 11  3.849520664662e+02
21 12  3.785452274434e+02
21 13  3.714915908360e+02
21 14  3.637642936607e+02
21 15  3.553394542906e+02
21 16  3.461971875152e+02
21 17  3.363227514796e+02
21 18  3.257078176690e+02
21 19  3.143518441956e+02
21 20  3.022635168700e+02
21 21  2.894622113331e+02
21 22  2.759794067395e+02
21 23  2.618599696784e+02
21 24  2.471632048700e+02
21 25  2.319635616292e+02
21 26  2.163508761626e+02
21 27  2.004300363370e+02
21 28  1.843199713778e+02
21 29  1.681519026872e+02
21 30  1.520668358705e+02
21 31  1.362123362409e+02
21 32  1.207386907618e+02
21 33  1.057946274171e+02
21 34  9.152281549194e+01
21 35  7.805540404798e+01
21 36  6.550986737348e+01
21 37  5.398540192114e+01
21 38  4.356007055447e+01
21 39  3.428881648561e+01
21 40  2.620237933538e+01
21 41  1.930705278384e+01
21 42  1.358512799947e+01
21 43  8.995778576261e+00
21 44  5.476037338077e+00
22  0 -1.411855259149e+03
22  1  8.835863416202e+04
22  2 -2.719627738331e+05
22  3 -2.033894748796e+05
22  4  1.317513666187e+04
22  8 -7.122078736861e+00
22  9  3.775000306636e+02
22 10  3.725408196964e+02
22 11  3.670214583009e+02
22 12  3.609130421990e+02
22 13  3.541879555727e+02
22 14  3.468205866843e+02
22 15  3.387881662847e+02
22 16  3.300717353927e+02
22 17  3.206572388115e+02
22 18  3.105367359585e+02
22 19  2.997097101864e+02
22 20  2.881844427312e+02
22 21  2.759794067395e+02
22 22  2.631246151044e+02
22 23  2.496628445829e+02
22 24  2.356506375520e+02
22 25  2.211589755664e+02
22 26  2.062735103693e+02
22 27  1.910942442756e+02
22 28  1.757345669296e+02
22 29  1.603195875966e+02
22 30  1.449837440093e+02
22 31  1.298677280646e+02
22 32  1.151148265381e+02
22 33  1.008668398418e+02
22 34  8.725979189569e+01
22 35  7.441967641567e+01
22 36  6.245849587776e+01
22 37  5.147082628221e+01
22 38  4.153109441742e+01
22 39  3.269168430627e+01
22 40  2.498190375468e+01
22 41  1.840775329060e+01
22 42  1.295234893877e+01
22 43  8.576765938471e+00
22 44  5.220970049547e+00
23  0 -1.339623052744e+03
23  1  8.383810058816e+04
23  2 -2.580488325232e+05
23  3 -1.929838256922e+05
23  4  1.250108088696e+04
23  8 -6.757704656740e+00
23  9  3.581866768648e+02
23 10  3.534811850716e+02
23 11  3.482442008171e+02
23 12  3.424482986007e+02
23 13  3.360672754625e+02
23 14  3.290768299923e+02
23 15  3.214553578429e+02
23 16  3.131848699972e+02
23 17  3.042520303393e+02
23 18  2.946493045362e+02
23 19  2.843762023730e+02
23 20  2.734405814076e+02
23 21  2.618599696784e+02
23 22  2.496628445829e+02
23 23  2.368897943679e+02
23 24  2.235944686347e+02
23 25  2.098442174368e+02
23 26  1.957203104713e+02
23 27  1.813176338152e+02
23 28  1.667437759624e+02
23 29  1.521174454387e+02
23 30  1.375662019811e+02
23 31  1.232235395204e+02
23 32  1.092254141095e+02
23 33  9.570637148107e+01
23 34  8.279547640856e+01
23 35  7.061227661844e+01
23 36  5.926304440586e+01
23 37  4.883751714961e+01
23 38  3.940631387443e+01
23 39  3.101913857383e+01
23 40  2.370379963127e+01
23 41  1.746599058050e+01
23 42  1.228969125066e+01
23 43  8.137968318435e+00
23 44  4.953858967298e+00
24  0 -1.264437353448e+03
24  1  7.913272753003e+04
24  2 -2.435659659540e+05
24  3 -1.821527013264e+05
24  4  1.179946373688e+04
24  8 -6.378431734243e+00
24  9  3.380836219617e+02
24 10  3.336422236314e+02
24 11  3.286991625985e+02
24 12  3.232285526053e+02
24 13  3.172056613207e+02
24 14  3.106075512391e+02
24 15  3.034138305471e+02
24 16  2.956075198526e+02
24 17  2.871760315225e+02
24 18  2.781122540850e+02
24 19  2.684157248379e+02
24 20  2.580938603377e+02
24 21  2.471632048700e+02
24 22  2.356506375520e+02
24 23  2.235944686347e+02
24 24  2.110453366616e+02
24 25  1.980668116964e+02
24 26  1.847356022139e+02
24 27  1.711412688555e+02
24 28  1.573853617627e+02
24 29  1.435799270023e+02
24 30  1.298453650827e+02
24 31  1.163076776519e+02
24 32  1.030951902947e+02
24 33  9.033489742931e+01
24 34  7.814862013086e+01
24 35  6.664919656721e+01
24 36  5.593693455206e+01
24 37  4.609653499699e+01
24 38  3.719465346796e+01
24 39  2.927820434574e+01
24 40  2.237343528167e+01
24 41  1.648572026265e+01
24 42  1.159993824221e+01
24 43  7.681228762018e+00
24 44  4.675826016229e+00
25  0 -1.186679029013e+03
25  1  7.426635096821e+04
25  2 -2.285875398973e+05
25  3 -1.709509689449e+05
25  4  1.107383938949e+04
25  8 -5.986181249992e+00
25  9  3.172927018809e+02
25 10  3.131244334857e+02
25 11  3.084853528299e+02
25 12  3.033511655670e+02
25 13  2.976986603147e+02
25 14  2.915063101414e+02
25 15  2.847549772560e+02
25 16  2.774287264379e+02
25 17  2.695157441479e+02
25 18  2.610093562439e+02
25 19  2.519091284783e+02
25 20  2.422220213161e+02
25 21  2.319635616292e+02
25 22  2.211589755664e+02
25 23  2.098442174368e+02
25 24  1.980668116964e+02
25 25  1.858864190801e+02
25 26  1.733750307688e+02
25 27  1.606166997484e+02
25 28  1.477067311940e+02
25 29  1.347502807444e+02
25 30  1.218603447122e+02
25 31  1.091551760997e+02
25 32  9.675520893237e+01
25 33  8.477962793101e+01
25 34  7.334276261509e+01
25 35  6.255051201326e+01
25 36  5.249701537145e+01
25 37  4.326176480149e+01
25 38  3.490731679309e+01
25 39  2.747770066228e+01
25 40  2.099754992475e+01
25 41  1.547190808664e+01
25 42  1.088658399117e+01
25 43  7.208860972101e+00
25 44  4.388279626224e+00
26  0 -1.106807663443e+03
26  1  6.926773320999e+04
26  2 -2.132020830741e+05
26  3 -1.594448354401e+05
26  4  1.032849658615e+04
26  8 -5.583271567344e+00
26  9  2.959367995981e+02
26 10  2.920490832989e+02
26 11  2.877222435253e+02
26 12  2.829336211016e+02
26 13  2.776615669252e+02
26 14  2.718860029698e+02
26 15  2.655890795446e+02
26 16  2.587559339749e+02
26 17  2.513755478510e+02
26 18  2.434416962448e+02
26 19  2.349539741365e+02
26 20  2.259188735056e+02
26 21  2.163508761626e+02
26 22  2.062735103693e+02
26 23  1.957203104713e+02
26 24  1.847356022139e+02
26 25  1.733750307688e+02
26 26  1.617057418333e+02
26 27  1.498061310701e+02
26 28  1.377650889842e+02
26 29  1.256806935428e+02
26 30  1.136583356575e+02
26 31  1.018083091197e+02
26 32  9.024294194652e+01
26 33  7.907339693694e+01
26 34  6.840630847583e+01
26 35  5.834044788517e+01
26 36  4.896361821556e+01
26 37  4.034996123272e+01
26 38  3.255782295989e+01
26 39  2.562826924825e+01
26 40  1.958427561458e+01
26 41  1.443054610363e+01
26 42  1.015384471752e+01
26 43  6.723656838574e+00
26 44  4.092919315912e+00
27  0 -1.025359842015e+03
27  1  6.417045556046e+04
27  2 -1.975129568023e+05
27  3 -1.477116003773e+05
27  4  9.568442627951e+03
27  8 -5.172409481173e+00
27  9  2.741593865898e+02
27 10  2.705577597651e+02
27 11  2.665493237078e+02
27 12  2.621130866867e+02
27 13  2.572289927145e+02
27 14  2.518784412678e+02
27 15  2.460448961798e+02
27 16  2.397145884911e+02
27 17  2.328773106153e+02
27 18  2.255272957046e+02
27 19  2.176641685440e+02
27 20  2.092939433807e+02
27 21  2.004300363370e+02
27 22  1.910942442756e+02
27 23  1.813176338152e+02
27 24  1.711412688555e+02
27 25  1.606166997484e+02
27 26  1.498061310701e+02
27 27  1.387821894990e+02
27 28  1.276272242610e+02
27 29  1.164320959565e+02
27 30  1.052944399851e+02
27 31  9.431643383286e+01
27 32  8.360213951666e+01
27 33  7.325453958156e+01
27 34  6.337242139563e+01
27 35  5.404728789151e+01
27 36  4.536048086424e+01
27 37  3.738068613132e+01
27 38  3.016195614572e+01
27 39  2.374233480257e+01
27 40  1.814310689509e+01
27 41  1.336863030653e+01
27 42  9.406643050354e+00
27 43  6.228876020174e+00
27 44  3.791729350780e+00
28  0 -9.429439827790e+02
28  1  5.901259486038e+04
28  2 -1.816373593993e+05
28  3 -1.358389114291e+05
28  4  8.799355144301e+03
28  8 -4.756664145494e+00
28  9  2.521231408861e+02
28 10  2.488110038164e+02
28 11  2.451247558225e+02
28 12  2.410450924362e+02
28 13  2.365535697203e+02
28 14  2.316330822149e+02
28 15  2.262684228888e+02
28 16  2.204469294973e+02
28 17  2.141592149142e+02
28 18  2.073999758165e+02
28 19  2.001688671480e+02
28 20  1.924714197458e+02
28 21  1.843199713778e+02
28 22  1.757345669296e+02
28 23  1.667437759624e+02
28 24  1.573853617627e+02
28 25  1.477067311940e+02
28 26  1.377650889842e+02
28 27  1.276272242610e+02
28 28  1.173688672254e+02
28 29  1.070735753302e+02
28 30  9.683113628572e+01
28 31  8.673551480729e+01
28 32  7.688240866717e+01
28 33  6.736652293106e+01
28 34  5.827870468549e+01
28 35  4.970310208627e+01
28 36  4.171451887842e+01
28 37  3.437612008524e+01
28 38  2.773761355873e+01
28 39  2.183398532091e+01
28 40  1.668480934656e+01
28 41  1.229409324318e+01
28 42  8.650560612021e+00
28 43  5.728214546767e+00
28 44  3.486959630308e+00
29  0 -8.602313880934e+02
29  1  5.383616346130e+04
29  2 -1.657046024571e+05
29  3 -1.239234752752e+05
29  4  8.027498587775e+03
29  8 -4.339421933114e+00
29  9  2.300075544421e+02
29 10  2.269859494252e+02
29 11  2.236230495218e+02
29 12  2.199012436013e+02
29 13  2.158037055809e+02
29 14  2.113148304471e+02
29 15  2.064207450900e+02
29 16  2.011098979639e+02
29 17  1.953737253571e+02
29 18  1.892073891403e+02
29 19  1.826105745246e+02
29 20  1.755883271966e+02
29 21  1.681519026872e+02
29 22  1.603195875966e+02
29 23  1.521174454387e+02
29 24  1.435799270023e+02
29 25  1.347502807444e+02
29 26  1.256806935428e+02
29 27  1.164320959565e+02
29 28  1.070735753302e+02
29 29  9.768135967416e+01
29 30  8.833736075418e+01
29 31  7.912730094504e+01
29 32  7.013848365924e+01
29 33  6.145730668032e+01
29 34  5.316664822457e+01
29 35  4.534327519034e+01
29 36  3.805542973261e+01
29 37  3.136073620305e+01
29 38  2.530454221014e+01
29 39  1.991876489298e+01
29 40  1.522126124817e+01
29 41  1.121568734631e+01
29 42  7.891755925027e+00
29 43  5.225750459046e+00
29 44  3.181092597001e+00
30  0 -7.779434143378e+02
30  1  4.868630626320e+04
30  2 -1.498536393710e+05
30  3 -1.120692092924e+05
30  4  7.259604504559e+03
30  8 -3.924321713466e+00
30  9  2.080055025925e+02
30 10  2.052729381265e+02
30 11  2.022317263442e+02
30 12  1.988659407599e+02
30 13  1.951603648391e+02
30 14  1.911008863122e+02
30 15  1.866749591425e+02
30 16  1.818721367817e+02
30 17  1.766846747049e+02
30 18  1.711081975886e+02
30 19  1.651424207558e+02
30 20  1.587919072331e+02
30 21  1.520668358705e+02
30 22  1.449837440093e+02
30 23  1.375662019811e+02
30 24  1.298453650827e+02
30 25  1.218603447122e+02
30 26  1.136583356575e+02
30 27  1.052944399851e+02
30 28  9.683113628572e+01
30 29  8.833736075418e+01
30 30  7.988718964442e+01
30 31  7.155814530431e+01
30 32  6.342917988064e+01
30 33  5.557842652180e+01
30 34  4.808083548357e+01
30 35  4.100583029993e+01
30 36  3.441512522101e+01
30 37  2.836083237095e+01
30 38  2.288396149883e+01
30 39  1.801337661554e+01
30 40  1.376522655396e+01
30 41  1.014281765243e+01
30 42  7.136846707074e+00
30 43  4.725865866855e+00
30 44  2.876795790631e+00
31  0 -6.968349760394e+02
31  1  4.361026834740e+04
31  2 -1.342298877732e+05
31  3 -1.003848651878e+05
31  4  6.502717598420e+03
31  8 -3.515171639447e+00
31  9  1.863188334057e+02
31 10  1.838711663144e+02
31 11  1.811470314990e+02
31 12  1.781321629702e+02
31 13  1.748129306709e+02
31 14  1.711766936774e+02
31 15  1.672122140040e+02
31 16  1.629101342600e+02
31 17  1.582635173656e+02
31 18  1.532684441686e+02
31 19  1.479246596726e+02
31 20  1.422362511626e+02
31 21  1.362123362409e+02
31 22  1.298677280646e+02
31 23  1.232235395204e+02
31 24  1.163076776519e+02
31 25  1.091551760997e+02
31 26  1.018083091197e+02
31 27  9.431643383286e+01
31 28  8.673551480729e+01
31 29  7.912730094504e+01
31 30  7.155814530431e+01
31 31  6.409748774723e+01
31 32  5.681604886384e+01
31 33  4.978381563470e+01
31 34  4.306792399633e+01
31 35  3.673055937989e+01
31 36  3.082700170319e+01
31 37  2.540392987643e+01
31 38  2.049807796920e+01
31 39  1.613530062847e+01
31 40  1.233006300859e+01
31 41  9.085326728837e+00
31 42  6.392758538041e+00
31 43  4.233146739725e+00
31 44  2.576860847316e+00
32  0 -6.176749111419e+02
32  1  3.865616616929e+04
32  2 -1.189814473352e+05
32  3 -8.898120045193e+04
32  4  5.764012503526e+03
32  8 -3.115850100384e+00
32  9  1.651531177755e+02
32 10  1.629835043016e+02
32 11  1.605688296829e+02
32 12  1.578964485387e+02
32 13  1.549542791786e+02
32 14  1.517311166809e+02
32 15  1.482169996888e+02
32 16  1.444036338060e+02
32 17  1.402848700010e+02
32 18  1.358572343351e+02
32 19  1.311205007795e+02
32 20  1.260782923058e+02
32 21  1.207386907618e+02
32 22  1.151148265381e+02
32 23  1.092254141095e+02
32 24  1.030951902947e+02
32 25  9.675520893237e+01
32 26  9.024294194652e+01
32 27  8.360213951666e+01
32 28  7.688240866717e+01
32 29  7.013848365924e+01
32 30  6.342917988064e+01
32 31  5.681604886384e+01
32 32  5.036177737930e+01
32 33  4.412840192558e+01
32 34  3.817543183423e+01
32 35  3.255798830609e+01
32 36  2.732507149112e+01
32 37  2.251805760134e+01
32 38  1.816950773649e+01
32 39  1.430233947007e+01
32 40  1.092937472297e+01
32 41  8.053238676143e+00
32 42  5.666544731120e+00
32 43  3.752263629435e+00
32 44  2.284130891273e+00
33  0 -5.412240821632e+02
33  1  3.387161705539e+04
33  2 -1.042548814381e+05
33  3 -7.796782364908e+04
33  4  5.050589429042e+03
33  8 -2.730195253720e+00
33  9  1.447117941365e+02
33 10  1.428107179556e+02
33 11  1.406949123261e+02
33 12  1.383532970105e+02
33 13  1.357752856930e+02
33 14  1.329510603068e+02
33 15  1.298718924316e+02
33 16  1.265305142849e+02
33 17  1.229215379127e+02
33 18  1.190419193526e+02
33 19  1.148914605516e+02
33 20  1.104733360592e+02
33 21  1.057946274171e+02
33 22  1.008668398418e+02
33 23  9.570637148107e+01
33 24  9.033489742931e+01
33 25  8.477962793101e+01
33 26  7.907339693694e+01
33 27  7.325453958156e+01
33 28  6.736652293106e+01
33 29  6.145730668032e+01
33 30  5.557842652180e+01
33 31  4.978381563470e+01
33 32  4.412840192558e+01
33 33  3.866654351453e+01
33 34  3.345038414700e+01
33 35  2.852822256527e+01
33 36  2.394299407512e+01
33 37  1.973095367408e+01
33 38  1.592063231103e+01
33 39  1.253211100669e+01
33 40  9.576624687766e+00
33 41  7.056473611464e+00
33 42  4.965185433009e+00
33 43  3.287838638485e+00
33 44  2.001419553992e+00
34  0 -4.682123565341e+02
34  1  2.930229855579e+04
34  2 -9.019078294380e+04
34  3 -6.744987824390e+04
34  4  4.369259344497e+03
34  8 -2.361888902706e+00
34  9  1.251900134970e+02
34 10  1.235453945898e+02
34 11  1.217150134733e+02
34 12  1.196892846465e+02
34 13  1.174590498991e+02
34 14  1.150158156325e+02
34 15  1.123520308999e+02
34 16  1.094614083505e+02
34 17  1.063392868715e+02
34 18  1.029830331342e+02
34 19  9.939247580318e+01
34 20  9.557036117783e+01
34 21  9.152281549194e+01
34 22  8.725979189569e+01
34 23  8.279547640856e+01
34 24  7.814862013086e+01
34 25  7.334276261509e+01
34 26  6.840630847583e+01
34 27  6.337242139563e+01
34 28  5.827870468549e+01
34 29  5.316664822457e+01
34 30  4.808083548357e+01
34 31  4.306792399633e+01
34 32  3.817543183423e+01
34 33  3.345038414700e+01
34 34  2.893789043134e+01
34 35  2.467973387590e+01
34 36  2.071305776637e+01
34 37  1.706922626111e+01
34 38  1.377292145255e+01
34 39  1.084151540955e+01
34 40  8.284727454811e+00
34 41  6.104547538312e+00
34 42  4.295376441725e+00
34 43  2.844305579819e+00
34 44  1.731425848685e+00
35  0 -3.993157823335e+02
35  1  2.499052002512e+04
35  2 -7.691937760265e+04
35  3 -5.752475457640e+04
35  4  3.726330988530e+03
35  8 -2.014341359871e+00
35  9  1.067685367169e+02
35 10  1.053659204116e+02
35 11  1.038048764595e+02
35 12  1.020772298479e+02
35 13  1.001751699802e+02
35 14  9.809145307482e+01
35 15  9.581963929282e+01
35 16  9.335436645537e+01
35 17  9.069165932356e+01
35 18  8.782927205819e+01
35 19  8.476705853559e+01
35 20  8.150736094219e+01
35 21  7.805540404798e+01
35 22  7.441967641567e+01
35 23  7.061227661844e+01
35 24  6.664919656721e+01
35 25  6.255051201326e+01
35 26  5.834044788517e+01
35 27  5.404728789151e+01
35 28  4.970310208627e+01
35 29  4.534327519034e+01
35 30  4.100583029993e+01
35 31  3.673055937989e+01
35 32  3.255798830609e+01
35 33  2.852822256527e+01
35 34  2.467973387590e+01
35 35  2.104815710843e+01
35 36  1.766516998339e+01
35 37  1.455752148179e+01
35 38  1.174626177223e+01
35 39  9.246206656077e+00
35 40  7.065645275845e+00
35 41  5.206274764078e+00
35 42  3.663319816976e+00
35 43  2.425771323526e+00
35 44  1.476649767294e+00
36  0 -3.351353344443e+02
36  1  2.097389248582e+04
36  2 -6.455642996996e+04
36  3 -4.827902806928e+04
36  4  3.127412532490e+03
36  8 -1.690584232310e+00
36  9  8.960805168190e+01
36 10  8.843087235328e+01
36 11  8.712072882743e+01
36 12  8.567076002933e+01
36 13  8.407441072858e+01
36 14  8.232560140811e+01
36 15  8.041892727874e+01
36 16  7.834988800348e+01
36 17  7.611514726789e+01
36 18  7.371282019761e+01
36 19  7.114278415486e+01
36 20  6.840700487570e+01
36 21  6.550986737348e+01
36 22  6.245849587776e+01
36 23  5.926304440586e+01
36 24  5.593693455206e+01
36 25  5.249701537145e+01
36 26  4.896361821556e+01
36 27  4.536048086424e+01
36 28  4.171451887842e+01
36 29  3.805542973261e+01
36 30  3.441512522101e+01
36 31  3.082700170319e+01
36 32  2.732507149112e+01
36 33  2.394299407512e+01
36 34  2.071305776637e+01
36 35  1.766516998339e+01
36 36  1.482591701185e+01
36 37  1.221774857475e+01
36 38  9.858331530253e+00
36 39  7.760100394523e+00
36 40  5.930012028944e+00
36 41  4.369490792655e+00
36 42  3.074528897566e+00
36 43  2.035886683577e+00
36 44  1.239313684841e+00
37  0 -2.761784820111e+02
37  1  1.728417505782e+04
37  2 -5.319969278297e+04
37  3 -3.978580386712e+04
37  4  2.577239571822e+03
37  8 -1.393177439094e+00
37  9  7.384424483473e+01
37 10  7.287415434704e+01
37 11  7.179449066197e+01
37 12  7.059959970161e+01
37 13  6.928407942867e+01
37 14  6.784291983189e+01
37 15  6.627166693010e+01
37 16  6.456661208350e+01
37 17  6.272500590053e+01
37 18  6.074529509306e+01
37 19  5.862737859769e+01
37 20  5.637287633910e+01
37 21  5.398540192114e+01
37 22  5.147082628221e+01
37 23  4.883751714961e+01
37 24  4.609653499699e+01
37 25  4.326176480149e+01
37 26  4.034996123272e+01
37 27  3.738068613132e+01
37 28  3.437612008524e+01
37 29  3.136073620305e+01
37 30  2.836083237095e+01
37 31  2.540392987643e+01
37 32  2.251805760134e+01
37 33  1.973095367408e+01
37 34  1.706922626111e+01
37 35  1.455752148179e+01
37 36  1.221774857475e+01
37 37  1.006840791814e+01
37 38  8.124058424641e+00
37 39  6.394947136106e+00
37 40  4.886807066097e+00
37 41  3.600812001151e+00
37 42  2.533659201400e+00
37 43  1.677734443458e+00
37 44  1.021294196813e+00
38  0 -2.228445789771e+02
38  1  1.394636064939e+04
38  2 -4.292609277017e+04
38  3 -3.210261222190e+04
38  4  2.079538793622e+03
38  8 -1.124135514089e+00
38  9  5.958389491553e+01
38 10  5.880114238273e+01
38 11  5.792997675974e+01
38 12  5.696583584968e+01
38 13  5.590436082374e+01
38 14  5.474150917344e+01
38 15  5.347368704328e+01
38 16  5.209790198336e+01
38 17  5.061193554782e+01
38 18  4.901453441007e+01
38 19  4.730561702345e+01
38 20  4.548649048268e+01
38 21  4.356007055447e+01
38 22  4.153109441742e+01
38 23  3.940631387443e+01
38 24  3.719465346796e+01
38 25  3.490731679309e+01
38 26  3.255782295989e+01
38 27  3.016195614572e+01
38 28  2.773761355873e+01
38 29  2.530454221014e+01
38 30  2.288396149883e+01
38 31  2.049807796920e+01
38 32  1.816950773649e+01
38 33  1.592063231103e+01
38 34  1.377292145255e+01
38 35  1.174626177223e+01
38 36  9.858331530253e+00
38 37  8.124058424641e+00
38 38  6.555189839706e+00
38 39  5.159993971107e+00
38 40  3.943096707813e+00
38 41  2.905445161872e+00
38 42  2.044374398382e+00
38 43  1.353740606311e+00
38 44  8.240680940939e-01
39  0 -1.754147037894e+02
39  1  1.097804009181e+04
39  2 -3.378977349452e+04
39  3 -2.526994481814e+04
39  4  1.636933162908e+03
39  8 -8.848763525142e-01
39  9  4.690215631542e+01
39 10  4.628600354962e+01
39 11  4.560025539093e+01
39 12  4.484132065298e+01
39 13  4.400576823294e+01
39 14  4.309041602323e+01
39 15  4.209243507866e+01
39 16  4.100946985747e+01
39 17  3.983977408418e+01
39 18  3.858236118817e+01
39 19  3.723716697904e+01
39 20  3.580522035162e+01
39 21  3.428881648561e+01
39 22  3.269168430627e+01
39 23  3.101913857383e+01
39 24  2.927820434574e+01
39 25  2.747770066228e+01
39 26  2.562826924825e+01
39 27  2.374233480257e+01
39 28  2.183398532091e+01
